%YAML:1.0
rotation: !!opencv-matrix
   rows: 3
   cols: 3
   dt: d
   data: [ 9.9946297218423663e-01, 3.1645682555500119e-02,
       8.5039995442376202e-03, -3.1760442995620759e-02,
       9.9940138233094244e-01, 1.3716823820524846e-02,
       -8.0648306475587291e-03, -1.3979548297348841e-02,
       9.9986975688637980e-01 ]
translation: !!opencv-matrix
   rows: 3
   cols: 1
   dt: d
   data: [ -6.6062001516473359e-02, -2.5824581649224670e-02,
       9.6688120259023121e-03 ]
essential: !!opencv-matrix
   rows: 3
   cols: 3
   dt: d
   data: [ 5.1535663072909278e-04, -9.3020081177606455e-03,
       -2.5953843566415807e-02, 9.1308407504298895e-03,
       -6.1754078475856518e-04, 6.6135620968765463e-02,
       2.7908871563889149e-02, -6.5205219122112329e-02,
       -6.8654860545757637e-04 ]
fundamental: !!opencv-matrix
   rows: 3
   cols: 3
   dt: d
   data: [ 2.8744850393492693e-07, -5.1896010754838871e-06,
       -4.2764845683529226e-03, 5.0905065631045764e-06,
       -3.4436654624453118e-07, 1.2245727605623848e-02,
       1.3484488948930539e-02, -3.3629972880724633e-02, 1. ]
