%YAML:1.0
cameraMatrix: !!opencv-matrix
   rows: 3
   cols: 3
   dt: d
   data: [ 3.6505904748899985e+02, 0., 2.5264801924083918e+02, 0.,
       3.6497073320415990e+02, 2.0826223161499448e+02, 0., 0., 1. ]
distortionCoefficients: !!opencv-matrix
   rows: 1
   cols: 5
   dt: d
   data: [ 9.7743718392107201e-02, -2.9289475109535401e-01,
       -5.5867638340351036e-04, -4.3664459291517743e-04,
       1.1507729766131834e-01 ]
rotation: !!opencv-matrix
   rows: 3
   cols: 3
   dt: d
   data: [ 1., 0., 0., 0., 1., 0., 0., 0., 1. ]
projection: !!opencv-matrix
   rows: 4
   cols: 4
   dt: d
   data: [ 3.6505904748899985e+02, 0., 2.5264801924083918e+02, 0., 0.,
       3.6497073320415990e+02, 2.0826223161499448e+02, 0., 0., 0., 1.,
       0., 0., 0., 0., 1. ]
