%YAML:1.0
rotation: !!opencv-matrix
   rows: 3
   cols: 3
   dt: d
   data: [ 9.9986418383671183e-01, -1.2753298611140107e-02,
       -1.0438738193914016e-02, 1.2906323570076057e-02,
       9.9980827260961980e-01, 1.4725652218920447e-02,
       1.0248936161889519e-02, -1.4858377970128140e-02,
       9.9983708068447141e-01 ]
translation: !!opencv-matrix
   rows: 3
   cols: 1
   dt: d
   data: [ -5.2063152006280991e-02, 2.1689381351985647e-04,
       1.1300662341158825e-02 ]
essential: !!opencv-matrix
   rows: 3
   cols: 3
   dt: d
   data: [ -1.4362707388249524e-04, -1.1301718384919246e-02,
       5.0448853848859241e-05, 1.1832719449856158e-02,
       -9.1769471216602227e-04, 5.1936705257594688e-02,
       -8.8880824170538015e-04, -5.2050403962441136e-02,
       -7.6439977213007084e-04 ]
fundamental: !!opencv-matrix
   rows: 3
   cols: 3
   dt: d
   data: [ -1.6082413834404957e-07, -1.2665514989782674e-05,
       2.6769740922335679e-03, 1.3266178226831666e-05,
       -1.0297289921193622e-06, 1.8090208953269085e-02,
       -7.7550182544563395e-03, -5.0065778642507074e-02, 1. ]
