%YAML:1.0
cameraMatrix: !!opencv-matrix
   rows: 3
   cols: 3
   dt: d
   data: [ 1.0807847014366355e+03, 0., 9.8276230268060988e+02, 0.,
       1.0794259367374468e+03, 5.1540404718222919e+02, 0., 0., 1. ]
distortionCoefficients: !!opencv-matrix
   rows: 1
   cols: 5
   dt: d
   data: [ 7.6274795817901378e-02, -1.1742521261874826e-01,
       -5.5907645179761141e-03, 1.8273050448445584e-03,
       6.0104381807864177e-02 ]
rotation: !!opencv-matrix
   rows: 3
   cols: 3
   dt: d
   data: [ 1., 0., 0., 0., 1., 0., 0., 0., 1. ]
projection: !!opencv-matrix
   rows: 4
   cols: 4
   dt: d
   data: [ 1.0807847014366355e+03, 0., 9.8276230268060988e+02, 0., 0.,
       1.0794259367374468e+03, 5.1540404718222919e+02, 0., 0., 0., 1.,
       0., 0., 0., 0., 1. ]
