%YAML:1.0
cameraMatrix: !!opencv-matrix
   rows: 3
   cols: 3
   dt: d
   data: [ 1.0673372818533910e+03, 0., 9.6436750436934426e+02, 0.,
       1.0678337194376370e+03, 5.6048335533583861e+02, 0., 0., 1. ]
distortionCoefficients: !!opencv-matrix
   rows: 1
   cols: 5
   dt: d
   data: [ 9.5254026271794592e-02, -1.7450545359088845e-01,
       4.9152681828940840e-04, -9.0584849724543670e-05,
       8.6737167483284749e-02 ]
rotation: !!opencv-matrix
   rows: 3
   cols: 3
   dt: d
   data: [ 1., 0., 0., 0., 1., 0., 0., 0., 1. ]
projection: !!opencv-matrix
   rows: 4
   cols: 4
   dt: d
   data: [ 1.0673372818533910e+03, 0., 9.6436750436934426e+02, 0., 0.,
       1.0678337194376370e+03, 5.6048335533583861e+02, 0., 0., 0., 1.,
       0., 0., 0., 0., 1. ]
