%YAML:1.0
depthShift: -2.0615595147177153e+01
