%YAML:1.0
cameraMatrix: !!opencv-matrix
   rows: 3
   cols: 3
   dt: d
   data: [ 3.6449181915622080e+02, 0., 2.5224115961519263e+02, 0.,
       3.6418691175041022e+02, 2.0653070467223063e+02, 0., 0., 1. ]
distortionCoefficients: !!opencv-matrix
   rows: 1
   cols: 5
   dt: d
   data: [ 1.0084123217129762e-01, -3.0058003763761149e-01,
       -3.0328160403381057e-04, -3.4445745339000902e-04,
       1.2431173794494600e-01 ]
rotation: !!opencv-matrix
   rows: 3
   cols: 3
   dt: d
   data: [ 1., 0., 0., 0., 1., 0., 0., 0., 1. ]
projection: !!opencv-matrix
   rows: 4
   cols: 4
   dt: d
   data: [ 3.6449181915622080e+02, 0., 2.5224115961519263e+02, 0., 0.,
       3.6418691175041022e+02, 2.0653070467223063e+02, 0., 0., 0., 1.,
       0., 0., 0., 0., 1. ]
