%YAML:1.0
depthShift: -2.3506555196296254e+01
